function [D,C,G] = generate_full_model(l,l_dot)
c = 0.288;
k = 2.4;

D = 0.1148*cos(0.036242*l) + 0.045921*cos(0.072484*l) - 0.022961*cos(0.14497*l) - 0.022961*cos(0.18121*l) - 0.0041607*l*sin(0.036242*l) - 0.0033286*l*sin(0.072484*l) + 0.0033286*l*sin(0.14497*l) + 0.0041607*l*sin(0.18121*l) + 0.0021111*l^2*cos(0.036242*l) + 0.0012063*l^2*cos(0.072484*l) + 0.00015079*l^2*cos(0.14497*l) + 0.00054285*l^2*cos(0.10873*l) + 0.0015833*l^2 + 0.24109;
C = 0.030164*c*l_dot + 7.4287e-59*l_dot^2*(2.1314e+55*l - 5.6008e+55*sin(0.036242*l) - 4.4807e+55*sin(0.072484*l) + 4.4807e+55*sin(0.14497*l) + 5.6008e+55*sin(0.18121*l) + 2.7403e+55*l*cos(0.036242*l) + 1.4615e+55*l*cos(0.072484*l) + 5.2776e+54*l*cos(0.14497*l) + 5.0747e+54*l*cos(0.18121*l) + 7.3075e+54*l*cos(0.10873*l) - 5.1497e+53*l^2*sin(0.036242*l) - 5.8853e+53*l^2*sin(0.072484*l) - 1.4713e+53*l^2*sin(0.14497*l) - 3.9726e+53*l^2*sin(0.10873*l)) + 4.0147e-43*l_dot*(7.8876e+39*l*l_dot - 2.0727e+40*l_dot*sin(0.036242*l) - 1.6582e+40*l_dot*sin(0.072484*l) + 1.6582e+40*l_dot*sin(0.14497*l) + 2.0727e+40*l_dot*sin(0.18121*l) - 1.9058e+38*l^2*l_dot*sin(0.036242*l) - 2.178e+38*l^2*l_dot*sin(0.072484*l) - 5.445e+37*l^2*l_dot*sin(0.14497*l) - 1.4702e+38*l^2*l_dot*sin(0.10873*l) + 1.0141e+40*l*l_dot*cos(0.036242*l) + 5.4086e+39*l*l_dot*cos(0.072484*l) + 1.9531e+39*l*l_dot*cos(0.14497*l) + 1.878e+39*l*l_dot*cos(0.18121*l) + 2.7043e+39*l*l_dot*cos(0.10873*l));
G = 6.3002*sin(0.054363*l)^2 + 0.047553*k*l + 0.19028*l*sin(0.036242*l) + 0.30444*l*sin(0.072484*l) + 0.30444*l*sin(0.14497*l) + 0.19028*l*sin(0.18121*l) + 0.3425*l*sin(0.10873*l) + 10.5*sin(0.018121*l)^2 + 8.4003*sin(0.036242*l)^2 + 4.2001*sin(0.072484*l)^2 + 2.1001*sin(0.090605*l)^2 - 22.051;
end