function [D,C,G] = generate_full_model_v2(l,l_dot)
c = 28.8;
k = 2400;
m = 0.001;

D = -4.978e-64*m*(7.852e+65*l - 4.996e+64*cos(36.24*l) - 2.948e+64*cos(72.48*l) - 4.492e+63*cos(145.0*l) + 1.187e+63*cos(289.9*l) + 7.256e+62*cos(326.2*l) - 2.691e+63*sin(36.24*l) - 3.354e+63*sin(72.48*l) - 2.145e+63*sin(145.0*l) - 7.8e+61*sin(289.9*l) + 5.475e+62*cos(181.2*l) - 3.9e+61*sin(326.2*l) - 9.75e+62*sin(181.2*l) - 1.466e+64*cos(108.7*l) + 9.894e+62*cos(217.5*l) - 2.925e+63*sin(108.7*l) - 1.17e+62*sin(217.5*l) + 1.286e+63*cos(253.7*l) - 1.17e+62*sin(253.7*l) + 1.077e+66*l*cos(36.24*l) + 6.502e+65*l*cos(72.48*l) + 1.166e+65*l*cos(145.0*l) - 2.544e+64*l*cos(289.9*l) - 1.555e+64*l*cos(326.2*l) + 2.465e+64*l*sin(36.24*l) + 3.259e+64*l*sin(72.48*l) + 2.131e+64*l*sin(145.0*l) + 8.358e+62*l*sin(289.9*l) + 2.827e+63*l*cos(181.2*l) + 4.179e+62*l*sin(326.2*l) + 9.611e+63*l*sin(181.2*l) + 3.357e+65*l*cos(108.7*l) - 2.12e+64*l*cos(217.5*l) + 2.883e+64*l*sin(108.7*l) + 1.254e+63*l*sin(217.5*l) - 2.756e+64*l*cos(253.7*l) + 1.254e+63*l*sin(253.7*l) - 5.884e+66*l^2*cos(36.24*l) - 3.635e+66*l^2*cos(72.48*l) - 7.497e+65*l^2*cos(145.0*l) + 1.363e+65*l^2*cos(289.9*l) + 8.33e+64*l^2*cos(326.2*l) - 9.844e+64*l^2*cos(181.2*l) - 1.946e+66*l^2*cos(108.7*l) + 1.136e+65*l^2*cos(217.5*l) - 4.252e+66*l^2 + 1.477e+65*l^2*cos(253.7*l) - 3.712e+64);
C = 0.001642*c*l_dot + 4.978e-64*l_dot*m*(8.504e+66*l*l_dot - 7.852e+65*l_dot - 9.795e+65*l_dot*cos(36.24*l) - 4.071e+65*l_dot*cos(72.48*l) + 1.944e+65*l_dot*cos(145.0*l) + 4.806e+64*l_dot*cos(289.9*l) + 2.827e+64*l_dot*cos(326.2*l) - 1.835e+66*l_dot*sin(36.24*l) - 2.17e+66*l_dot*sin(72.48*l) - 6.725e+65*l_dot*sin(145.0*l) + 3.434e+65*l_dot*sin(289.9*l) + 1.739e+65*l_dot*cos(181.2*l) + 2.362e+65*l_dot*sin(326.2*l) + 8.96e+64*l_dot*sin(181.2*l) - 1.767e+64*l_dot*cos(108.7*l) + 4.664e+64*l_dot*cos(217.5*l) - 1.622e+66*l_dot*sin(108.7*l) + 2.139e+65*l_dot*sin(217.5*l) + 5.725e+64*l_dot*cos(253.7*l) + 3.251e+65*l_dot*sin(253.7*l) - 2.132e+68*l^2*l_dot*sin(36.24*l) - 2.635e+68*l^2*l_dot*sin(72.48*l) - 1.087e+68*l^2*l_dot*sin(145.0*l) + 3.952e+67*l^2*l_dot*sin(289.9*l) + 2.717e+67*l^2*l_dot*sin(326.2*l) - 1.784e+67*l^2*l_dot*sin(181.2*l) - 2.116e+68*l^2*l_dot*sin(108.7*l) + 2.47e+67*l^2*l_dot*sin(217.5*l) + 3.746e+67*l^2*l_dot*sin(253.7*l) + 1.087e+67*l*l_dot*cos(36.24*l) + 4.907e+66*l*l_dot*cos(72.48*l) - 1.59e+66*l*l_dot*cos(145.0*l) - 5.149e+65*l*l_dot*cos(289.9*l) - 3.029e+65*l*l_dot*cos(326.2*l) + 3.903e+67*l*l_dot*sin(36.24*l) + 4.713e+67*l*l_dot*sin(72.48*l) + 1.69e+67*l*l_dot*sin(145.0*l) - 7.377e+66*l*l_dot*sin(289.9*l) - 1.545e+66*l*l_dot*cos(181.2*l) - 5.071e+66*l*l_dot*sin(326.2*l) + 5.123e+65*l*l_dot*sin(181.2*l) + 7.572e+65*l*l_dot*cos(108.7*l) - 4.998e+65*l*l_dot*cos(217.5*l) + 3.65e+67*l*l_dot*sin(108.7*l) - 4.61e+66*l*l_dot*sin(217.5*l) - 6.134e+65*l*l_dot*cos(253.7*l) - 6.992e+66*l*l_dot*sin(253.7*l)) + 1.769e-78*l_dot^2*m*(1.197e+81*l - 1.379e+80*cos(36.24*l) - 5.729e+79*cos(72.48*l) + 2.735e+79*cos(145.0*l) + 6.764e+78*cos(289.9*l) + 3.979e+78*cos(326.2*l) - 2.583e+80*sin(36.24*l) - 3.054e+80*sin(72.48*l) - 9.464e+79*sin(145.0*l) + 4.833e+79*sin(289.9*l) + 2.447e+79*cos(181.2*l) + 3.325e+79*sin(326.2*l) + 1.261e+79*sin(181.2*l) - 2.487e+78*cos(108.7*l) + 6.565e+78*cos(217.5*l) - 2.283e+80*sin(108.7*l) + 3.01e+79*sin(217.5*l) + 8.057e+78*cos(253.7*l) + 4.575e+79*sin(253.7*l) + 1.53e+81*l*cos(36.24*l) + 6.906e+80*l*cos(72.48*l) - 2.238e+80*l*cos(145.0*l) - 7.247e+79*l*cos(289.9*l) - 4.263e+79*l*cos(326.2*l) + 5.494e+81*l*sin(36.24*l) + 6.633e+81*l*sin(72.48*l) + 2.379e+81*l*sin(145.0*l) - 1.038e+81*l*sin(289.9*l) - 2.174e+80*l*cos(181.2*l) - 7.137e+80*l*sin(326.2*l) + 7.21e+79*l*sin(181.2*l) + 1.066e+80*l*cos(108.7*l) - 7.034e+79*l*cos(217.5*l) + 5.137e+81*l*sin(108.7*l) - 6.489e+80*l*sin(217.5*l) - 8.632e+79*l*cos(253.7*l) - 9.841e+80*l*sin(253.7*l) - 3.001e+82*l^2*sin(36.24*l) - 3.708e+82*l^2*sin(72.48*l) - 1.529e+82*l^2*sin(145.0*l) + 5.562e+81*l^2*sin(289.9*l) + 3.824e+81*l^2*sin(326.2*l) - 2.511e+81*l^2*sin(181.2*l) - 2.978e+82*l^2*sin(108.7*l) + 3.476e+81*l^2*sin(217.5*l) + 5.272e+81*l^2*sin(253.7*l) - 1.105e+80);
G = 0.02295*k*l + 9.8*m*(0.6429*cos(18.12*l) + 0.2143*cos(163.1*l) + 0.4286*cos(90.61*l) + 0.1071*cos(199.3*l) + 0.5357*cos(54.36*l) + 0.3214*cos(126.8*l) - 380.5*sin(126.8*l)*(0.1071*l - 0.01) - 108.7*sin(18.12*l)*(0.1071*l - 0.005) - 326.2*sin(163.1*l)*(0.1071*l - 0.01) - 362.4*sin(90.61*l)*(0.1071*l - 0.01) - 199.3*sin(199.3*l)*(0.1071*l - 0.01) - 271.8*sin(54.36*l)*(0.1071*l - 0.01));
end